1338487955.67
1338488979.83
1338490004.06
1338491028.22
1338492052.78
1338493077.01
1338494101.61
1338495126.16
1338496150.39
1338497174.54
1338498199.1
1338499223.26
1338500247.49
1338501271.65
1338502295.88
1338503321.1
1338504345.26
1338505369.42
1338506393.73
1338507417.96
1338508442.12
1338509466.35
1338510490.75
1338511514.91
1338512539.47
1338513563.71
1338514588.19
1338515612.75
1338516636.93
1338517661.21
1338518685.99
1338519710.55
1338520734.7
1338521758.93
1338522783.82
1338523808.05
1338524832.27
1338525856.5
1338526880.9
1338527905.28
1338528929.67
1338529953.9
1338530978.3
1338532002.53
1338533026.76
1338534051.18
1338535075.58
1338536099.74
1338537123.9
1338538148.05
1338539172.46
1338540196.62
1338541220.78
1338542245.01
1338543269.74
1338544293.89
1338545318.05
1338546342.28
1338547366.68
1338549419.97
1338550444.19
1338551468.59
1338552492.82
1338553516.97
1338554541.19
1338555565.6
1338556589.82
1338557613.98
1338558638.14
1338559662.54
1338560686.69
1338561710.92
1338562735.47
1338563759.88
1338564784.03
1338566837.36
1338567862.14
1338568886.3
1338569910.53
1338570934.75
1338571959.56
1338572984.13
1338574008.35
1338575033.58
1338576058.91
1338577083.13
1338579136.45
1338580160.89
1338581185.13
1338582209.61
1338583234.49
1338584258.9
1338585283.05
1338586307.22
1338587331.78
1338588356.22
1338589380.37
1338590404.93
1338591429.15
1338592453.91
1338593478.06
1338595531.69
1338596556.44
1338597581.0
1338602762.1
1338603786.23
1338604810.77
1338605834.98
1338606859.72
1338607883.85
1338608908.06
1338609932.19
1338610956.93
1338611981.46
1338613005.68
1338614029.81
1338615054.19
1338616078.4
1338617102.53
1338618126.74
1338619151.55
1338620175.76
1338621199.89
1338622224.51
1338623248.89
1338624273.02
1338625297.15
1338626321.69
1338627346.07
1338628370.2
1338629394.99
1338630420.19
1338631444.93
1338632469.06
1338633493.31
1338634517.48
1338635542.24
1338636566.37
1338637590.58
1338638614.71
1338639639.45
1338641692.66
1338642716.79
1338643740.93
1338644766.13
1338646819.28
1338647843.67
1338648867.82
1338649891.96
1338650916.16
1338651940.56
1338652964.69
1338653988.83
1338655013.38
1338656037.82
1338657061.95
1338658086.57
1338659110.77
1338660135.55
1338661159.69
1338662183.9
1338663208.03
1338664232.85
1338665257.06
1338666281.2
1338667305.33
1338669358.87
1338670383.07
1338671407.21
1338672431.59
1338673455.73
1338674479.86
1338675504.0
1338676528.38
1338677552.52
1338678576.66
1338679600.87
1338680625.69
1338681649.82
1338682673.96
1338683698.17
1338684722.9
1338685747.04
1338686771.25
1338687795.38
1338688820.15
1338689844.29
1338690868.5
1338691892.64
1338692917.42
1338693941.63
1338694965.76
1338695989.9
1338697014.29
1338698038.42
1338699062.56
1338700086.7
1338701111.08
1338702135.21
1338703159.35
1338704183.56
1338705208.34
1338706232.48
1338707256.61
1338708280.82
1338709305.55
1338710329.68
1338711354.26
1338712378.79
1338713403.58
1338714427.72
1338715451.92
1338716476.06
1338717500.79
1338718524.99
1338719549.6
1338720573.73
1338721598.12
1338722622.65
1338723646.79
1338725700.17
1338726724.3
1338727748.44
1338728772.66
1338729797.04
1338730821.18
1338731845.32
1338732869.53
1338733893.91
1338734918.05
1338735942.26
1338736966.79
1338737991.56
1338739015.69
1338740040.08
1338741064.21
1338742088.93
1338743113.13
1338744137.67
1338745162.87
1338746187.0
1338747211.21
1338748235.4
1338749260.23
1338750284.43
1338751308.97
1338752333.11
1338753357.54
1338754381.67
1338755406.25
1338756430.38
1338757454.77
1338758479.31
1338759503.45
1338760527.73
1338761552.47
1338762577.03
1338763601.17
1338764625.38
1338765650.2
1338766674.74
