55973 789.370 -0.000137892 -69.379 0.000473127 0.022086 10
55973 1840.370 0.000929641 -69.375 0.000581655 0.020700 10
55973 2884.370 0.001362371 -69.370 0.000565189 0.019454 10
55973 4975.370 -0.000990261 -69.496 0.000985581 0.048158 10
55973 7111.371 -0.000658098 -69.578 0.000929376 0.053621 10
55973 8144.370 -0.000298667 -69.579 0.000878591 0.050159 10
55973 9215.370 -0.000071308 -69.579 0.000825768 0.046920 10
55973 11292.370 0.000575589 -69.506 0.000805584 0.051047 10
55973 12364.380 0.000820072 -69.502 0.000758496 0.047764 10
55973 14478.370 0.000936264 -69.384 0.000710697 0.061150 10
55973 16589.370 0.000742015 -69.291 0.000668334 0.066105 10
55973 17622.370 0.000603241 -69.288 0.000627091 0.061841 10
55973 18700.370 0.000599319 -69.286 0.000586592 0.057853 10
55973 20757.370 -0.000065184 -69.294 0.000596888 0.054198 10
55973 21805.370 -0.000052732 -69.295 0.000558355 0.050698 10
55973 23921.370 -0.000019621 -69.297 0.000522424 0.047432 10
55973 24947.370 -0.000071792 -69.297 0.000489031 0.044368 10
55973 27047.370 0.000095260 -69.285 0.000461244 0.041722 10
55973 28092.371 0.000113307 -69.285 0.000431501 0.039028 10
55973 29148.370 0.000401000 -69.283 0.000416251 0.036511 10
55973 38396.580 -0.050030342 -72.359 0.017834423 1.088095 10
55973 39439.459 0.009439910 -72.323 0.026840216 1.017902 10
55973 40519.459 0.010350232 -72.281 0.025108786 0.952274 10
55973 41550.458 0.002936478 -72.270 0.023632926 0.890780 10
55973 43615.757 0.020331745 -69.652 0.022946137 1.245376 10
55973 43835.357 0.021423566 -69.634 0.021467617 1.164959 10
55973 44918.348 0.020660663 -69.551 0.020082928 1.090118 10
55973 45693.459 0.016797450 -69.502 0.018835447 1.019856 10
55973 45965.348 0.015049575 -69.487 0.017629781 0.954003 10
55973 47091.370 0.011488233 -69.439 0.016539149 0.892551 10
55973 48089.348 0.009164973 -69.405 0.015492747 0.834992 10
55973 49119.348 0.006624990 -69.379 0.014519934 0.781115 10
55973 50998.464 0.004888888 -69.345 0.013596017 0.730766 10
55973 52392.378 0.003882153 -69.325 0.012722889 0.683606 10
55973 53463.370 0.001534594 -69.319 0.011930080 0.639459 10
55973 54517.369 0.001233694 -69.314 0.011160075 0.598161 10
55973 56612.369 0.000644720 -69.232 0.010441371 0.560279 10
55973 58768.370 0.000124623 -69.217 0.009768739 0.524121 10
55973 60879.375 0.001117546 -69.076 0.009144559 0.492803 10
55973 61951.375 0.001548025 -69.069 0.008555306 0.460980 10
55973 63037.386 -0.000151160 -69.070 0.008025273 0.431208 10
55973 64095.019 -0.005108690 -69.090 0.007708860 0.403421 10
55973 73064.579 -0.074956367 -73.684 0.025726163 1.667410 10
55973 75720.371 0.047158095 -68.778 0.049427713 2.332515 10
55973 76169.459 0.048390990 -68.697 0.046237446 2.182056 10
55973 76800.371 0.043905828 -68.594 0.043280230 2.041452 10
55973 77813.353 0.032624869 -68.471 0.040680936 1.910100 10
55973 78305.459 0.025968700 -68.424 0.038126229 1.786814 10
55973 78892.353 0.022956799 -68.373 0.035679715 1.671506 10
55973 79968.370 0.017281970 -68.304 0.033435569 1.563742 10
55973 80986.352 0.012136185 -68.258 0.031328980 1.462837 10
55973 83121.355 0.005446516 -67.577 0.029400865 1.389385 10