46.3859374523
46.8896808624
47.3930635452
47.8978495598
48.2655675411
48.9044716358
49.4060668945
49.9095115662
50.4132566452
50.9167006016
51.4226858616
51.925178051
52.4276185036
52.9310827255
53.4347310066
53.937286377
54.4414827824
54.9433689117
55.4473171234
55.9496791363
56.45363307
56.9567990303
57.4599564075
57.9631757736
58.4672210217
58.9702363014
59.4730284214
59.9767677784
60.4799904823
60.9830441475
61.4863805771
61.9899277687
62.4945836067
62.9972429276
63.5006525517
64.0040214062
64.506452322
65.011496067
65.5136399269
66.0165998936
66.521389246
67.0235829353
67.527687788
68.030377388
68.5336620808
69.0366659164
69.5396747589
70.0430440903
70.5465426445
71.050457716
71.5530707836
72.0565049648
73.0650475025
73.5685732365
74.071367979
74.5748143196
75.0775103569
75.5809874535
76.0842895508
76.5880098343
77.0912511349
77.5940048695
78.0975050926
78.60176301
79.104254961
79.608294487
80.1103689671
80.615237236
81.1175329685
81.6212260723
82.1243672371
82.6270794868
83.1307852268
83.6343421936
84.1384084225
84.6409816742
85.1437568665
85.6471092701
86.1505925655
86.6533062458
87.1585345268
87.6600148678
88.163176775
88.6669745445
89.1700823307
89.6736800671
90.1782646179
90.679558754
91.1830377579
91.6859855652
92.1888284683
92.6922235489
93.1956419945
93.7017109394
94.2030537128
95.2125132084
95.7156329155
96.2196626663
96.7215504646
97.2253684998
97.7282514572
98.2312040329
98.7383441925
99.237746954
99.7409892082
100.243251324
100.748109102
101.24950695
101.75345397
102.257174969
102.758857489
103.262183905
103.765416861
104.269060612
104.772108555
105.275160313
105.778757095
106.281944275
107.290788174
107.793655157
108.297516108
108.799202204
109.303005695
109.805970907
110.308844805
110.812091827
111.314576864
111.818206072
112.321638346
112.82446909
113.327640772
113.830522299
114.336129904
114.836851358
115.341760397
115.842806101
116.346083403
116.852218866
117.354997396
117.858054876
118.361976862
118.864883661
119.368126869
119.870714903
120.376175642
120.879018068
121.381561279
121.886413574
122.388575554
122.891199112
123.394359112
123.898445606
124.401652098
124.904333115
125.40839529
125.911081076
126.414441586
126.919533968
127.421190977
127.923412085
128.428896427
128.930517197
129.432627201
129.936201096
130.439438581
130.942341566
131.447161198
131.948029041
132.447385788
132.956436872
133.457821608
133.960672379
134.464908123
134.967605829
135.470547438
135.973436117
136.47736001
136.98213625
137.484952688
137.985548735
138.489987373
138.991809607
139.496687174
139.997980595
141.006711006
141.51134634
142.014477491
142.515876532
143.018851995
143.522136927
144.027449131
144.529023886
145.033281803
145.536274433
146.03696084
146.540199757
147.044318914
147.547592402
148.051664352
148.55406189
149.058692455
150.066974878
150.569869995
151.071186543
151.576068163
152.07728219
152.580555916
153.084391594
154.093118429
154.598073244
155.099992037
155.603114843
156.107088566
156.6092484
157.114519119
157.617472887
158.119160891
158.622101068
159.125194788
159.628475666
160.133007765
160.63543272
161.138405085
161.641688824
162.144647121
162.648357868
163.153452635
163.655223608
164.158003092
164.661192656
165.165552139
165.669508934
166.170677662
166.676357031
167.177706003
167.680958271
168.184362173
168.688197851
169.19228816
169.6968503
170.199519873
170.70178318
171.204825401
171.708660364
172.212630033
172.714870453
173.218362808
173.721476316
174.225011349
174.727765083
175.230595112
175.734762192
176.237623215
179.3542068
179.85717845
191.929715872
192.433006763
192.936399937
193.440202236
193.943351984
194.445982218
194.949756384
195.452832699
195.956250668
196.459159613
196.962393045
197.466167688
197.968930006
198.472198963
198.975341797
199.478505611
199.98165226
200.484698772
200.98870039
201.491180897
201.994665384
202.498847008
203.002167225
203.505268574
203.960166693
204.51406002
205.014932871
205.519317627
206.022503853
206.545413971
207.029111862
207.53171587
208.034257412
208.538052797
209.041785717
209.544733286
210.047227859
210.551668882
211.054790974
211.557783842
212.067210197
212.563976526
213.067829132
213.570872545
214.067667723
214.576258659
215.073812723
215.583622694
216.079302311
216.58923316
217.087832212
217.595355034
218.090220213
218.594866991
219.104662657
219.597973824
220.127740383
220.602036715
221.1250422
221.621459246
222.114311218
222.627892733
223.121456146
223.626513004
224.136787653
224.630723
225.144243002
225.637485981
226.149669886
226.645894766
227.156666994
227.651318789
228.163378477
228.66614151
229.160936594
229.67329669
230.165962219
230.669905186
231.173174143
231.685570478
232.199509382
232.693269014
233.194681883
233.698251486
234.201151133
234.705486059
235.207181931
235.67288518
236.224512577
236.728004217
237.231174231
237.734895468
238.237765551
238.741522074
239.244024992
239.748351812
240.25109911
240.75476265
241.257585049
241.76149869
242.264681816
242.768313885
243.271998882
243.774849892
244.27761817
244.781830788
245.284836292
245.788233042
246.291675568
246.794163704
247.298625946
247.80157876
248.305314779
248.808552027
249.309295416
249.815618515
250.318237066
250.820656538
251.324929953
251.825971365
252.329652071
252.834827662
253.338386774
253.839835405
254.342269897
254.847615004
255.349785566
255.854299545
256.35760355
256.860561132
257.363938332
257.867486954
258.369958639
258.873394489
259.88215518
260.385516882
260.892179012
261.390401125
261.900326252
