-0.0036313533783
-0.000601530075073
0.000113248825073
-0.0014181137085
0.00496792793274
0.006502866745
0.0012035369873
-0.000930309295654
-0.00262761116028
0.00135469436646
-0.000982761383057
-0.000112056732178
0.0023238658905
0.00690102577209
0.00591611862183
0.00567269325256
0.000701427459717
-0.0358648300171
0.00360369682312
-0.0364289283752
-0.000515699386597
0.00590801239014
0.00134658813477
-0.00361609458923
0.00301790237427
-0.0373656749725
3.09944152832e-05
0.00819516181946
0.00314378738403
0.000437259674072
0.00169277191162
0.007164478302
0.00213861465454
-0.033412694931
6.3419342041e-05
-0.00110793113708
0.00269246101379
-0.0115070343018
0.00216484069824
0.00275421142578
0.00705099105835
0.00117444992065
0.00137114524841
-0.000727415084839
4.9352645874e-05
0.000770092010498
-0.000279426574707
0.000369071960449
-0.0368058681488
0.00189781188965
0.00319027900696
0.00733542442322
0.0021505355835
0.00746059417725
0.00270581245422
0.00112390518188
-0.000360488891602
0.00129461288452
0.00753307342529
0.00715255737305
0.00912570953369
0.00733542442322
0.00280857086182
-0.0105605125427
0.00989508628845
-0.000121831893921
0.00172090530396
-0.000399589538574
0.00357532501221
-0.000173091888428
0.00366187095642
0.00171184539795
0.00716209411621
0.00749158859253
0.000744581222534
0.00240683555603
-0.0374648571014
-0.00994658470154
-0.0357420444489
0.00238633155823
0.00415444374084
0.00731039047241
-0.037492275238
0.0027072429657
0.00449728965759
0.00103211402893
0.00386023521423
0.00300335884094
0.00460767745972
0.00222063064575
0.0100817680359
0.00323557853699
0.0070686340332
0.00284194946289
0.00498557090759
-0.000102519989014
0.00903820991516
0.00892758369446
0.00356769561768
0.00332307815552
0.0109729766846
0.00344657897949
0.00207853317261
0.00243663787842
0.00469827651978
0.00931286811829
0.0072648525238
-0.0110220909119
0.00515151023865
0.0022075176239
0.00349545478821
0.00414538383484
0.00430202484131
0.00222635269165
0.00539994239807
0.00118780136108
0.00476861000061
0.00440812110901
0.00413131713867
0.001060962677
-0.0399749279022
0.00340104103088
-0.0366361141205
0.00375890731812
0.00474262237549
0.00822424888611
0.00528717041016
0.00339031219482
0.0122389793396
0.00807881355286
0.00294542312622
0.000944375991821
0.00475096702576
0.00303339958191
0.00415802001953
0.00319290161133
0.00477504730225
0.0041983127594
0.00525641441345
0.00705790519714
0.00410890579224
0.00538396835327
0.00739240646362
0.0108127593994
0.00556564331055
0.00830674171448
0.00323700904846
-0.0113694667816
-0.000340223312378
0.0112280845642
0.00779914855957
0.00656390190125
0.00287985801697
0.00465488433838
0.00293302536011
0.000263929367065
0.00554323196411
0.00225877761841
0.00462985038757
0.00635766983032
0.00513029098511
0.00574779510498
0.00130796432495
0.00334239006042
0.00130605697632
0.00572395324707
0.00383353233337
0.00626301765442
0.0121734142303
0.0060498714447
0.0119535923004
0.00726079940796
0.00675392150879
0.00897216796875
0.00755977630615
0.00437712669373
-0.0107200145721
0.00609493255615
0.00733613967896
0.00403165817261
0.00555038452148
0.00714921951294
0.0118591785431
0.00712037086487
0.00503921508789
0.00722455978394
-0.0111243724823
0.00524544715881
0.00760865211487
0.00653719902039
0.0130410194397
0.00898575782776
0.00444960594177
0.00393533706665
0.00583815574646
0.0027711391449
0.00734210014343
0.00753974914551
0.00324583053589
0.00673055648804
0.00576877593994
0.00538873672485
0.00720477104187
0.011842250824
0.0119411945343
0.00539302825928
0.00704860687256
0.0125379562378
0.00661277770996
0.00459408760071
0.00576019287109
0.00745248794556
0.00542759895325
0.00694513320923
-0.0108530521393
0.00541400909424
0.00782585144043
0.00622653961182
-0.071081161499
0.0112662315369
0.0135405063629
0.0062084197998
0.00691318511963
0.004643201828
0.00862908363342
0.00652313232422
0.00634741783142
0.00316143035889
0.00399422645569
0.00818300247192
-0.0102756023407
0.00584077835083
0.00661778450012
0.00866389274597
0.00470376014709
0.00782442092896
0.00756454467773
0.00404024124146
0.0112891197205
0.00674605369568
0.00906825065613
0.00369811058044
0.00609707832336
0.00895953178406
-0.0107998847961
0.00682973861694
0.00784182548523
0.00341582298279
0.00689816474915
0.0143895149231
0.00926327705383
0.00305318832397
0.0143146514893
0.00889897346497
0.0057806968689
0.00630593299866
0.00800967216492
0.00925374031067
0.00797390937805
0.0131146907806
0.0120985507965
0.00691270828247
0.00902628898621
0.00918912887573
0.00585508346558
-0.0359013080597
0.00722718238831
0.0145373344421
0.00888252258301
0.00725960731506
0.00752997398376
0.00568103790283
0.00998520851135
-0.0386774539948
0.00714468955994
0.00939917564392
0.0092236995697
0.00905871391296
0.00497889518738
0.00871348381042
0.00918793678284
0.00985741615295
0.00811886787415
0.00614500045776
0.0100541114807
0.00781869888306
0.00678896903992
0.0108749866486
0.00725173950195
0.00762629508972
0.00891041755676
0.0147755146027
-0.0101363658905
0.0113844871521
0.00914430618286
0.00737190246582
0.00762009620667
0.011246919632
0.0154514312744
0.00523376464844
0.00690841674805
0.0101022720337
0.0106298923492
0.00846219062805
0.0109724998474
0.00821018218994
0.00833058357239
0.0118510723114
0.00858855247498
0.00882649421692
0.0159809589386
0.00893449783325
0.0100436210632
0.0108509063721
0.016455411911
0.00989770889282
-0.010053396225
0.0092568397522
0.0110721588135
0.0155622959137
0.0169095993042
0.0102689266205
0.0118126869202
0.0118536949158
0.012565612793
0.00907874107361
0.0113079547882
0.0102708339691
0.0112421512604
0.00920796394348
0.00924825668335
-0.0305159091949
0.00757193565369
0.0112535953522
0.0119869709015
0.00997853279114
0.00787353515625
0.0124127864838
0.0107619762421
-0.0356693267822
-0.00971007347107
0.010894536972
0.0126008987427
0.0105865001678
0.0124912261963
0.00996327400208
0.0168664455414
0.0175709724426
0.010181427002
0.00851106643677
0.0113799571991
0.00916838645935
0.0105690956116
0.0113456249237
0.0119755268097
-0.0379457473755
0.0117602348328
-0.0383915901184
0.0122020244598
0.0103702545166
0.0107476711273
0.0120904445648
-0.00954508781433
0.0123488903046
0.0124890804291
-0.0357649326324
0.00798010826111
0.0105710029602
0.0122034549713
0.0118024349213
0.0134904384613
0.0137865543365
0.013402223587
0.0157644748688
0.0089704990387
0.0172719955444
0.0174875259399
0.0124974250793
0.010374546051
-0.0361206531525
0.0103163719177
0.0122585296631
0.0118696689606
0.0133595466614
0.00798153877258
0.012303352356
0.0104238986969
0.0132603645325
0.010368347168
0.0161998271942
0.0114924907684
0.0185141563416
0.00918388366699
0.0111079216003
0.00980353355408
0.0129203796387
-0.0113015174866
0.00948071479797
0.0126073360443
0.0175206661224
0.0131897926331
0.0163083076477
0.00770616531372
0.0126433372498
0.0134689807892
0.0134341716766
0.0132992267609
0.0177195072174
-0.00874376296997
0.0134456157684
0.011063337326
0.0114586353302
-0.0107169151306
0.00848650932312
-0.0098295211792
-0.0342090129852
0.0145931243896
0.0116603374481
0.0138733386993
0.0135924816132
0.0148141384125
0.0104727745056
-0.00966119766235
0.0127499103546
0.0149974822998
-0.0352959632874
0.0105984210968
0.0133061408997
0.0153622627258
-0.0351006984711
0.0143599510193
0.00355911254883
0.0148408412933
0.011643409729
0.0126559734344
0.0131897926331
0.0121946334839
0.018988609314
0.0124461650848
0.0168406963348
0.0149204730988
0.0144066810608
0.0144829750061
0.013023853302
-0.0110187530518
0.0146510601044
0.014594078064
0.0143570899963
0.0120124816895
-0.0353782176971
0.0144340991974
0.0199038982391
0.0204648971558
0.0156667232513
0.0187864303589
0.0143990516663
0.0162494182587
0.0145606994629
0.0136857032776
0.0147593021393
0.0205624103546
0.0129752159119
0.0125913619995
0.0208849906921
0.0139527320862
0.0199780464172
0.0117466449738
0.0149927139282
0.0137355327606
0.0187387466431
0.0216724872589
0.0158913135529
0.0167796611786
-0.0358130931854
0.0140244960785
0.0156981945038
0.0160462856293
0.0136725902557
0.0151436328888
0.0153784751892
0.0136232376099
0.01575922966
0.0183503627777
0.0152218341827
0.0171029567719
-0.0351281166077
0.0165519714355
0.0167956352234
0.0176064968109
-0.0345125198364
0.015540599823
0.0142612457275
0.0163588523865
0.0213716030121
0.0135593414307
0.0172073841095
0.0146565437317
0.0182819366455
0.0135397911072
0.0157511234283
0.0170934200287
0.0152695178986
-0.0104281902313
-0.0350573062897
0.0160694122314
0.0158581733704
0.0141422748566
0.0148766040802
0.0160527229309
0.0211372375488
0.0125751495361
0.0148601531982
0.0130217075348
0.0165696144104
0.0232086181641
0.0138924121857
0.01429438591
0.0178666114807
0.0178170204163
0.016850233078
0.0165004730225
0.013964176178
0.0179851055145
0.0156886577606
0.0165379047394
0.0175921916962
0.0163731575012
0.0178537368774
0.0222125053406
0.0159373283386
0.0181334018707
0.0170831680298
0.0116233825684
0.0208387374878
0.0155959129333
0.01509308815
0.013331413269
-0.035019159317
0.0140490531921
0.0165629386902
0.0168390274048
0.016229391098
0.0139319896698
0.0175578594208
0.0234940052032
0.0246119499207
0.0174126625061
0.0172481536865
0.0171041488647
0.0186092853546
-0.012229681015
0.0174398422241
0.018622636795
0.0167880058289
0.0175974369049
-0.0415818691254
0.0159606933594
0.0161187648773
-0.0594830513
0.0176537036896
0.02272772789
0.0174562931061
0.0194728374481
0.0158884525299
0.0243473052979
0.0167620182037
-0.00920081138611
0.0188100337982
0.0213916301727
0.016538143158
0.0196876525879
0.0195698738098
-0.00863599777222
0.0199501514435
0.019300699234
0.0161991119385
0.0186471939087
0.0148870944977
0.0187118053436
0.0156075954437
0.0194034576416
0.0246250629425
0.0236539840698
0.0177240371704
0.0249705314636
0.0186696052551
0.0164544582367
0.0167107582092
0.0166130065918
0.025116443634
0.0166907310486
0.0186443328857
0.0197122097015
0.0172784328461
0.0171539783478
0.0140991210938
-0.00853848457336
0.0249722003937
0.017502784729
0.0261645317078
0.020007610321
0.0194821357727
0.0174441337585
0.0156376361847
0.018853187561
0.0159022808075
0.0182948112488
0.0181334018707
0.0170166492462
0.023871421814
0.0194954872131
0.0182659626007
0.0231080055237
0.0196387767792
0.0176410675049
0.0199997425079
0.0166323184967
0.0245368480682
0.0176508426666
0.0194272994995
0.0187644958496
0.0193438529968
0.0190660953522
0.0181703567505
0.0183751583099
0.0180969238281
0.0197219848633
0.0165104866028
0.0260696411133
0.0145792961121
0.0179629325867
0.0178894996643
0.017418384552
0.0266540050507
0.0209579467773
0.024466753006
0.0175290107727
0.0251312255859
0.0201501846313
0.018979549408
0.0194520950317
-0.0337536334991
0.0172393321991
-0.01593542099
0.0183310508728
0.0229029655457
0.0190989971161
0.0194075107574
0.0182116031647
0.0214700698853
0.0208284854889
0.0152580738068
0.0203833580017
0.0225162506104
0.0270709991455
0.0206136703491
0.0220472812653
0.0195064544678
0.0196914672852
0.0212948322296
0.0246331691742
0.0191557407379
0.0219056606293
0.0177314281464
0.021228313446
0.0193374156952
0.0213866233826
0.024938583374
0.0195486545563
0.0196611881256
0.0224812030792
0.0238218307495
0.0207855701447
0.0194115638733
0.0219647884369
0.0277235507965
0.0183532238007
0.0207118988037
0.0192737579346
0.0270023345947
0.0205857753754
0.0228765010834
0.0213055610657
0.019838809967
0.0199904441833
0.0187742710114
0.0226800441742
0.0211863517761
0.0203368663788
0.0215089321136
0.0202295780182
0.0266234874725
0.0232400894165
0.0200521945953
0.0168006420135
0.0222260951996
0.0239760875702
-0.0330522060394
-0.00731301307678
0.0214912891388
0.0267467498779
0.023280620575
0.0215392112732
0.0274150371552
0.0225389003754
0.0225734710693
0.0184686183929
0.0233194828033
0.0219504833221
0.0222434997559
0.0226624011993
0.0151710510254
0.0217213630676
0.0231010913849
0.0233252048492
0.0223124027252
0.0207059383392
0.0279901027679
0.0209767818451
0.0227706432343
0.0238525867462
-0.0328509807587
0.0291917324066
0.0238683223724
0.0221674442291
0.0229754447937
0.0210082530975
0.0238361358643
0.0222499370575
0.0281381607056
0.0232553482056
0.0209791660309
0.023152589798
0.0231258869171
0.0295715332031
0.0222985744476
0.0214669704437
0.0236885547638
0.0233182907104
0.0217890739441
0.0223989486694
0.0279376506805
0.0240330696106
0.023768901825
0.0270311832428
0.023784160614
0.0277798175812
0.0235512256622
0.0239887237549
0.0210027694702
0.0219194889069
0.028333902359
0.0202031135559
0.0241515636444
0.0211410522461
0.0221214294434
0.02481508255
0.0286712646484
0.0222351551056
0.023095369339
0.0286808013916
0.0217289924622
0.0286116600037
0.0244274139404
0.219738006592
0.0225520133972
0.0228078365326
0.0246839523315
0.0258498191833
0.0246312618256
-0.0089852809906
0.0263605117798
0.0275640487671
0.0201342105865
-0.00706791877747
0.0219674110413
0.0220742225647
0.0284128189087
0.0215616226196
0.0312340259552
0.0310211181641
0.0194840431213
0.0261461734772
0.0254969596863
0.0220417976379
0.0301706790924
0.0252456665039
0.024964094162
0.0231790542603
0.0208926200867
0.0252861976624
0.0254352092743
0.0265865325928
0.0255143642426
0.0313613414764
0.0228774547577
0.0188829898834
0.0258071422577
-0.00685334205627
0.0260977745056
0.0271985530853
0.0261652469635
0.0259943008423
0.02046251297
0.0266389846802
0.0250563621521
0.025514125824
0.0248427391052
0.0265004634857
0.0252237319946
0.026374578476
0.0274655818939
0.0260021686554
0.0241360664368
0.0233387947083
0.0316452980042
-0.00784420967102
0.0248155593872
0.0238213539124
-0.0307507514954
0.026481628418
0.0274114608765
0.0240213871002
0.0266120433807
0.0262818336487
0.0240263938904
0.0231444835663
0.0307970046997
0.0318245887756
0.0326826572418
0.0266213417053
0.0246214866638
0.0273771286011
0.0260837078094
0.0264961719513
0.0249319076538
0.0249447822571
0.0251967906952
0.0244514942169
0.0246665477753
0.0267865657806
0.0318706035614
0.0270156860352
0.0242714881897
0.0310597419739
0.0271184444427
0.0269775390625
0.0277895927429
0.031986951828
0.0242884159088
0.0202102661133
0.0314934253693
0.020409822464
0.0247604846954
0.0277051925659
0.0219612121582
0.029586315155
0.0278911590576
0.0327250957489
0.0327579975128
0.0257747173309
0.0316269397736
0.0290238857269
0.0271809101105
-0.0111527442932
0.0321266651154
-0.00611686706543
0.0269958972931
0.0260541439056
0.0205709934235
0.0238952636719
0.0230159759521
0.0240333080292
0.0200500488281
0.0325458049774
0.0216007232666
0.0226128101349
0.030077457428
0.0290877819061
0.0207266807556
0.0262477397919
0.0285170078278
0.0328693389893
0.0271484851837
0.0250024795532
0.0288646221161
0.0287835597992
0.0234985351562
0.0314519405365
0.0313057899475
0.0247130393982
0.0231873989105
0.0275640487671
0.0285537242889
0.0290586948395
0.0249638557434
0.0308644771576
0.0338118076324
0.0279402732849
0.0275983810425
0.0349931716919
0.029443025589
0.0231440067291
0.0293455123901
0.025862455368
0.0225043296814
0.0289578437805
0.0291860103607
0.0281314849854
0.027606010437
0.034877538681
0.0277786254883
0.0282804965973
0.0258526802063
0.0287132263184
0.0292901992798
0.0313968658447
-0.0329465866089
0.0279984474182
0.0284733772278
0.0301265716553
0.0279669761658
-0.00788927078247
0.0288052558899
0.0296170711517
0.0287296772003
0.0351700782776
0.0333325862885
0.0272660255432
0.0299370288849
0.0273246765137
0.0354945659637
0.0347051620483
0.0300996303558
0.0282738208771
0.028436422348
0.029123544693
0.0300543308258
0.0299534797668
0.0295774936676
0.0294086933136
0.0297746658325
0.0357935428619
0.0290884971619
0.0290970802307
0.0296697616577
0.030172586441
0.0294916629791
0.0248425006866
0.0282108783722
0.034716129303
0.0204062461853
0.0274248123169
0.0310325622559
0.0307204723358
0.0269436836243
0.0305328369141
0.0326409339905
0.0299060344696
0.0294506549835
0.0366151332855
0.035085439682
0.0309841632843
0.0306890010834
0.0306932926178
0.0306484699249
0.0296182632446
0.030101776123
-0.00348210334778
0.0304517745972
0.0304758548737
0.0272414684296
-0.00343418121338
0.0282900333405
0.0311617851257
0.0323812961578
0.0313727855682
0.0292613506317
0.0294573307037
0.0285902023315
0.0305247306824
0.0288593769073
0.0291967391968
0.0355246067047
0.0310482978821
0.0321242809296
0.0299377441406
0.029057264328
0.0369162559509
0.0286469459534
0.0351951122284
0.0304350852966
0.0309433937073
0.0298843383789
0.0294899940491
0.029433965683
0.0372414588928
0.0270819664001
0.0325636863708
0.0376846790314
0.0318882465363
0.0292656421661
0.0367329120636
0.0313451290131
0.0306859016418
0.0291182994843
0.0287897586823
0.0291497707367
0.0327429771423
0.0349626541138
-0.0184905529022
0.0277333259583
0.0324735641479
0.0339524745941
0.0291016101837
-0.0280501842499
0.0291697978973
0.0394656658173
0.0297238826752
0.0356123447418
0.0307278633118
0.0285227298737
0.030074596405
0.0316314697266
0.0385527610779
0.0300557613373
0.0274529457092
0.0282201766968
0.0314521789551
-0.00464105606079
0.0372438430786
0.0301957130432
0.0308165550232
0.0207006931305
0.0336236953735
0.0326342582703
0.0334534645081
0.0347101688385
0.0281474590302
0.0319197177887
0.0321493148804
0.0327994823456
0.0310342311859
0.037939786911
0.0304756164551
0.033677816391
0.0327899456024
0.0298852920532
0.0316417217255
0.0214569568634
0.0380940437317
0.0304543972015
0.032518863678
0.0337543487549
0.0311858654022
0.0398378372192
0.0362567901611
0.0344109535217
0.0392739772797
0.0342469215393
0.0329461097717
0.0393478870392
0.0333890914917
0.0400631427765
0.0320172309875
0.0321981906891
0.0345945358276
0.0336813926697
0.0318703651428
0.0331988334656
-0.00450301170349
0.0306444168091
0.0327885150909
0.0329613685608
0.0335249900818
0.0281755924225
0.033686876297
0.0399835109711
0.0340678691864
-0.00452423095703
0.0310671329498
0.0324966907501
0.037210226059
-0.00405621528625
0.0376689434052
0.0323250293732
0.0327229499817
0.0323023796082
0.031299829483
0.0384395122528
0.0237646102905
-0.00384259223938
0.0330741405487
0.0290815830231
0.0231983661652
0.0386664867401
0.0338962078094
0.0404214859009
0.0332913398743
0.0326762199402
0.0348424911499
-0.00380754470825
0.0233988761902
0.0340027809143
0.0270404815674
0.0349564552307
0.0327980518341
0.0333082675934
0.0341567993164
0.0311672687531
0.0399103164673
0.0330166816711
0.0335440635681
0.0300812721252
0.0321950912476
0.0333108901978
0.0407531261444
0.0316045284271
0.031779050827
-0.00644135475159
0.0324223041534
0.0401957035065
0.0235335826874
0.0406513214111
0.0349044799805
0.0383188724518
0.0358011722565
0.0417566299438
0.0354783535004
0.0326209068298
0.0346710681915
0.0359904766083
0.0351057052612
0.037056684494
0.0307335853577
0.036431312561
0.0332887172699
0.0351409912109
0.0257513523102
0.0364148616791
0.0306508541107
0.0347826480865
0.0319306850433
0.0337166786194
0.0411198139191
0.0341484546661
0.0340340137482
0.0422732830048
0.0354959964752
0.0389549732208
0.0369355678558
0.0357890129089
0.0408580303192
0.0368509292603
0.0409829616547
0.0344195365906
0.0231883525848
0.0332705974579
0.0373449325562
-0.0026707649231
0.0226185321808
0.0396056175232
0.0328402519226
0.0356237888336
0.0404417514801
0.0330731868744
0.0302953720093
0.0355176925659
0.0349609851837
0.0334157943726
0.0326280593872
0.0368854999542
0.0324327945709
0.0360105037689
0.0359666347504
-0.00321435928345
0.0410788059235
0.041412115097
0.03471326828
0.0216422080994
0.0357706546783
0.0335054397583
0.0318834781647
0.0341553688049
0.0308518409729
-0.00223064422607
0.0356049537659
-0.00286221504211
0.0408601760864
0.0373883247375
0.0341339111328
0.0377037525177
0.0225384235382
0.0380873680115
0.0348534584045
0.0370860099792
0.0354723930359
0.0376126766205
0.0343196392059
0.0419366359711
0.0343551635742
0.0375978946686
0.0419840812683
0.037477016449
0.0363318920135
0.0393731594086
0.0360281467438
0.0415604114532
0.0426287651062
0.0376636981964
0.0374047756195
0.043764591217
0.0426228046417
0.0414912700653
0.0349116325378
0.0393135547638
0.0422918796539
0.0376932621002
0.0372364521027
0.0435600280762
0.03764128685
0.0371356010437
0.0380420684814
0.0381054878235
0.0350024700165
0.038337469101
0.0365054607391
0.0358345508575
0.0356407165527
0.0311594009399
0.0377135276794
0.0377731323242
0.0293309688568
0.0436472892761
0.0444760322571
