-0.000137892
0.000929641
0.001362371
-0.000990261
-0.000658098
-0.000298667
-7.1308e-05
0.000575589
0.000820072
0.000936264
0.000742015
0.000603241
0.000599319
-6.5184e-05
-5.2732e-05
-1.9621e-05
-7.1792e-05
9.526e-05
0.000113307
0.000401
-0.050030342
0.00943991
0.010350232
0.002936478
0.020331745
0.021423566
0.020660663
0.01679745
0.015049575
0.011488233
0.009164973
0.00662499
0.004888888
0.003882153
0.001534594
0.001233694
0.00064472
0.000124623
0.001117546
0.001548025
-0.00015116
-0.00510869
-0.074956367
0.047158095
0.04839099
0.043905828
0.032624869
0.0259687
0.022956799
0.01728197
0.012136185
0.005446516
